Site	Treatment	ACI	ADI	BI	H	NDSI 
EWF	Dark_1	1650.667598	2.302519	0.110762406	0.983961548	0.708313116
EWF	Dark_1	1655.108389	2.302585	0.129508032	0.984002453	0.71741198
EWF	Dark_1	1655.918515	2.302584	0.139440083	0.98404668	0.712063461
EWF	Dark_1	1653.818467	2.302138	0.125245405	0.983701148	0.727361517
EWF	Dark_1	1652.765425	2.302585	0.118140755	0.984130599	0.70503618
EWF	Dark_1	1652.781309	2.30258	0.099424361	0.983905943	0.722685941
EWF	Dark_1	1654.554837	2.302583	0.09492121	0.984074166	0.72269727
EWF	Dark_1	1658.485844	2.302536	0.139555003	0.983816828	0.735467839
EWF	Dark_1	1655.848736	2.302585	0.125873845	0.984142528	0.730065283
EWF	Dark_1	1651.730567	2.302581	0.097394112	0.9835051	0.720654926
EWF	Dark_1	1656.129902	2.302584	0.08911232	0.984015979	0.720444109
EWF	Dark_1	1651.728885	2.302585	0.098682062	0.984224073	0.719450653
EWF	Dark_1	1652.001382	2.302585	0.100022323	0.984157251	0.722353726
EWF	Dark_1	1652.689034	2.302585	0.09984251	0.984149669	0.723990528
EWF	Dark_1	1657.412002	2.302585	0.142457003	0.984114627	0.734758262
EWF	Dark_1	1655.664506	2.302585	0.111161129	0.984166636	0.727778377
EWF	Dark_1	1658.553663	2.302585	0.15848361	0.984043331	0.742119552
EWF	Dark_1	1661.601028	2.302585	0.173587139	0.983535949	0.745184044
EWF	Dark_1	1663.254645	2.302585	0.177214909	0.983962671	0.749506259
EWF	Dark_1	1659.251232	2.302585	0.129765482	0.984057561	0.739753061
EWF	Dark_1	1661.998921	2.302585	0.167655876	0.983994673	0.749079147
EWF	Dark_1	1661.260695	2.302582	0.156726603	0.983978452	0.740014581
EWF	Dark_1	1658.395874	2.302584	0.141769299	0.984113288	0.739648749
EWF	Dark_1	1656.018462	2.302584	0.123101934	0.984021664	0.735809968
EWF	Dark_1	1656.844718	2.302583	0.144802088	0.984075582	0.732183052
EWF	Dark_1	1655.457173	2.302585	0.107411686	0.984199881	0.727090583
EWF	Dark_1	1653.218224	2.302585	0.098206962	0.98419155	0.722439662
EWF	Dark_1	1653.27409	2.302585	0.093195142	0.984178099	0.723166448
EWF	Dark_1	1658.620936	2.302462	0.141265571	0.983994026	0.733676534
EWF	Dark_1	1651.962562	2.302585	0.103579763	0.98419629	0.725118049
EWF	Dark_1	1653.50187	2.302585	0.104185182	0.984200214	0.719052762
EWF	Dark_1	1653.547513	2.302577	0.098603981	0.984065476	0.718910932
EWF	Dark_1	1651.253607	2.30258	0.083054621	0.984082147	0.719508977
EWF	Dark_1	1652.634811	2.302585	0.124188712	0.984206197	0.728079724
EWF	Dark_1	1653.418448	2.302585	0.095439694	0.984230051	0.721378025
EWF	Dark_1	1652.202598	2.302584	0.093580154	0.984201247	0.724290093
EWF	Dark_1	1659.015618	2.302585	0.121457839	0.984140714	0.733960266
EWF	Dark_1	1653.202747	2.302585	0.09803519	0.984167155	0.719813437
EWF	Dark_1	1655.980732	2.302585	0.111774565	0.984004824	0.726659664
EWF	Dark_1	1656.262092	2.302585	0.115346067	0.984185045	0.727869399
EWF	Dark_1	1658.703509	2.302585	0.127612017	0.984056175	0.728935761
EWF	Dark_1	1656.720075	2.30258	0.126890204	0.983778724	0.731206331
EWF	Dark_1	1657.565611	2.302242	0.127107666	0.983635057	0.733068222
EWF	Dark_1	1656.288816	2.297255	0.222708179	0.9818233	0.441720748
EWF	Dark_1	1652.976877	2.302584	0.094350334	0.98412414	0.72094032
EWF	Dark_1	1653.118555	2.302585	0.104640061	0.984185336	0.721593249
EWF	Dark_1	1652.696376	2.302585	0.103371645	0.984209756	0.722366209
EWF	Dark_1	1654.546525	2.302585	0.113643826	0.984172904	0.726203351
EWF	Dark_1	1656.126064	2.302585	0.131711948	0.984140734	0.731901414
EWF	Dark_1	1659.891552	2.302585	0.166261513	0.984050396	0.742382763
EWF	Dark_1	1661.874729	2.302584	0.146194201	0.983993753	0.743591531
EWF	Dark_1	1658.315588	2.302585	0.151484311	0.984074521	0.738958697
EWF	Dark_1	1658.685644	2.302585	0.142335368	0.983962134	0.737764692
EWF	Dark_1	1660.077651	2.302585	0.135778105	0.984027475	0.738777557
EWF	Dark_1	1665.854907	2.302583	0.165991186	0.98390459	0.7489694
EWF	Dark_1	1666.697315	2.302585	0.140748446	0.983848603	0.759759677
EWF	Dark_1	1676.647816	2.302585	0.243070681	0.983508197	0.769101883
EWF	Dark_1	1671.7567	2.302584	0.219158488	0.983637389	0.757944433
EWF	Dark_1	1675.179909	2.302585	0.234839944	0.983499712	0.771615237
EWF	Dark_1	1674.690802	2.302585	0.213734427	0.983546008	0.766396292
EWF	Light_1	1654.47414	2.302571	0.106424845	0.983854927	0.726682189
EWF	Light_1	1655.473016	2.302584	0.116626857	0.983989159	0.722231591
EWF	Light_1	1651.079608	2.302585	0.082404198	0.984003798	0.715680322
EWF	Light_1	1651.832789	2.302515	0.080178806	0.984071773	0.721259948
EWF	Light_1	1653.320539	2.302582	0.0903543	0.984094858	0.718048873
EWF	Light_1	1654.16444	2.302585	0.095913344	0.983988184	0.724422118
EWF	Light_1	1654.005853	2.302585	0.095139268	0.984085472	0.721375946
EWF	Light_1	1652.127263	2.302585	0.09214019	0.984196598	0.718982539
EWF	Light_1	1650.416317	2.302585	0.079002548	0.984161517	0.718645689
EWF	Light_1	1651.231337	2.302585	0.101975771	0.984127299	0.718545227
EWF	Light_1	1649.759891	2.302585	0.090719599	0.98420461	0.717338017
EWF	Light_1	1651.365075	2.302585	0.080014198	0.984183739	0.717710806
EWF	Light_1	1652.715383	2.302585	0.08706053	0.984183198	0.718016409
EWF	Light_1	1651.755597	2.302585	0.078705058	0.9841885	0.718258839
EWF	Light_1	1652.629326	2.302585	0.0867931	0.984230654	0.716862036
EWF	Light_1	1650.453314	2.302585	0.08268682	0.984200991	0.71617126
EWF	Light_1	1649.928469	2.302585	0.079751607	0.984231722	0.71530836
EWF	Light_1	1652.481	2.302585	0.087831454	0.984181363	0.716621807
EWF	Light_1	1651.31797	2.302583	0.077613242	0.984125432	0.715740024
EWF	Light_1	1650.523022	2.302585	0.086109053	0.98416488	0.718040376
EWF	Light_1	1653.914956	2.302501	0.157968547	0.983888255	0.763164521
EWF	Light_1	1656.858616	2.302563	0.434354274	0.98369793	0.802668676
EWF	Light_1	1655.574583	2.302585	0.106021797	0.984113401	0.729051084
EWF	Light_1	1654.862382	2.302584	0.133919127	0.984147677	0.733389543
EWF	Light_1	1649.347044	2.302585	0.084495096	0.984204164	0.71827496
EWF	Light_1	1650.020562	2.302585	0.080175042	0.984182902	0.715667981
EWF	Light_1	1651.449514	2.302585	0.071305547	0.984223803	0.713669005
EWF	Light_1	1651.809267	2.302576	0.104465134	0.983994575	0.713750264
EWF	Light_1	1650.421199	2.302585	0.09280968	0.984161548	0.716253569
EWF	Light_1	1651.31342	2.302584	0.082633382	0.984132636	0.720106646
EWF	Light_1	1650.465111	2.302585	0.079144258	0.984201085	0.716061297
EWF	Light_1	1651.631023	2.302585	0.080147867	0.984209424	0.71853495
EWF	Light_1	1651.523992	2.302585	0.083359321	0.984103089	0.716001069
EWF	Light_1	1651.76819	2.302585	0.083309652	0.98419958	0.716585577
EWF	Light_1	1651.572421	2.302585	0.077337643	0.98414129	0.71702544
EWF	Light_1	1653.055621	2.302585	0.078797628	0.98409983	0.719464021
EWF	Light_1	1650.114295	2.302585	0.081718006	0.98420175	0.716194298
EWF	Light_1	1649.560691	2.302585	0.076632672	0.984134273	0.718994022
EWF	Light_1	1650.310179	2.302585	0.091468741	0.984207132	0.716762525
EWF	Light_1	1652.603715	2.302585	0.077436842	0.984169959	0.714431154
EWF	Light_1	1652.088199	2.302585	0.086587222	0.984128795	0.719055965
EWF	Light_1	1651.02205	2.302573	0.078902466	0.984027195	0.715312065
EWF	Light_1	1651.95917	2.302579	0.080794198	0.984034501	0.714708455
EWF	Light_1	1649.582658	2.302583	0.087077794	0.984051278	0.716864294
EWF	Light_1	1650.607222	2.302585	0.080366158	0.984128862	0.717202107
EWF	Light_1	1651.018515	2.302585	0.082283446	0.984154333	0.715282494
EWF	Light_1	1650.631033	2.302577	0.084898118	0.984140587	0.717147046
EWF	Light_1	1650.712056	2.302585	0.073793974	0.984226194	0.716058557
EWF	Light_1	1651.692385	2.302585	0.081800963	0.984178069	0.715456344
EWF	Light_1	1662.680006	2.301774	0.505685381	0.982985338	0.851376122
EWF	Light_1	1650.361281	2.302585	0.072673649	0.984130362	0.715609793
EWF	Light_1	1649.277023	2.302585	0.079973828	0.984202873	0.715970702
EWF	Light_1	1650.873255	2.302584	0.087185668	0.984162907	0.716121458
EWF	Light_1	1651.497456	2.302585	0.089660369	0.984193557	0.716185982
EWF	Light_1	1650.825185	2.302585	0.084377162	0.98422679	0.718173522
EWF	Light_1	1651.117218	2.30223	0.092258274	0.984069744	0.716310915
EWF	Light_1	1648.473914	2.302585	0.080929666	0.984049273	0.717592409
EWF	Light_1	1650.393573	2.302585	0.087016316	0.984173308	0.71736711
EWF	Light_1	1651.197523	2.302585	0.076737745	0.984123231	0.716883488
EWF	Light_1	1651.643572	2.302584	0.077285342	0.983950109	0.719693398
EWF	Dark_2	1651.578876	2.302583	0.081373671	0.983928229	0.715489516
EWF	Dark_2	1727.464853	2.301565	0.863941373	0.976857597	0.92958072
EWF	Dark_2	1709.582449	2.302514	0.693178309	0.979404867	0.922537708
EWF	Dark_2	1673.294134	2.299895	0.443272996	0.981925114	0.856616254
EWF	Dark_2	1658.379869	2.295029	0.098880081	0.983013759	0.739092794
EWF	Dark_2	1671.281418	2.30244	0.298149014	0.982790121	0.870753117
EWF	Dark_2	1665.802849	2.302585	0.157479742	0.983739493	0.747341844
EWF	Dark_2	1665.349986	2.302585	0.11429083	0.983325178	0.74586235
EWF	Dark_2	1660.488159	2.302585	0.145261879	0.983915829	0.738833262
EWF	Dark_2	1654.818785	2.302585	0.099261524	0.984104618	0.726193789
EWF	Dark_2	1661.99862	2.302585	0.120283955	0.983975001	0.741933937
EWF	Dark_2	1657.296761	2.302585	0.119518434	0.984058188	0.728876711
EWF	Dark_2	1653.724489	2.302585	0.110375734	0.984032923	0.729423711
EWF	Dark_2	1656.728987	2.302585	0.112039006	0.983996555	0.728605935
EWF	Dark_2	1656.585685	2.302585	0.13789395	0.984002899	0.728051337
EWF	Dark_2	1653.775452	2.302585	0.088166241	0.984046668	0.72370153
EWF	Dark_2	1654.324081	2.302585	0.103931673	0.984092076	0.726665988
EWF	Dark_2	1666.106453	2.302584	0.155133877	0.983583839	0.755991287
EWF	Dark_2	1659.518257	2.302584	0.106390492	0.983981317	0.730576037
EWF	Dark_2	1657.954233	2.302585	0.12629562	0.984029808	0.732350193
EWF	Dark_2	1661.979624	2.302585	0.137098026	0.98390848	0.739728432
EWF	Dark_2	1663.338261	2.302585	0.161241196	0.98393475	0.745228626
EWF	Dark_2	1660.148222	2.302585	0.133906567	0.984030394	0.740679183
EWF	Dark_2	1654.325222	2.302585	0.106744054	0.984144747	0.728498928
EWF	Dark_2	1659.228658	2.302578	0.116709515	0.984001296	0.735635561
EWF	Dark_2	1660.015679	2.302585	0.134820097	0.98394547	0.73602823
EWF	Dark_2	1662.935549	2.302585	0.159666022	0.983924219	0.743169761
EWF	Dark_2	1663.539097	2.302585	0.162618614	0.98388938	0.744283623
EWF	Dark_2	1661.306361	2.302582	0.129462151	0.983997998	0.73431612
EWF	Dark_2	1661.130677	2.302584	0.171193729	0.983945885	0.749341669
EWF	Dark_2	1669.998866	2.302585	0.202128405	0.983725281	0.754699347
EWF	Dark_2	1664.402546	2.302585	0.165006939	0.983786095	0.746849669
EWF	Dark_2	1660.523033	2.302576	0.180662625	0.983006597	0.806901912
EWF	Dark_2	1656.911933	2.302585	0.112963258	0.984065762	0.729036043
EWF	Dark_2	1664.755859	2.302584	0.168237994	0.983753886	0.747244169
EWF	Dark_2	1660.687033	2.302585	0.138111503	0.983962481	0.737292629
EWF	Dark_2	1660.255119	2.302585	0.158233468	0.983598215	0.742669923
EWF	Dark_2	1661.689253	2.302548	0.171126997	0.983673447	0.727528182
EWF	Dark_2	1656.679678	2.302585	0.124463887	0.984004795	0.734134836
EWF	Dark_2	1660.533947	2.302585	0.149490183	0.984019144	0.736270943
EWF	Dark_2	1656.857614	2.302584	0.115026661	0.983873375	0.730547679
EWF	Dark_2	1659.670144	2.302584	0.128153729	0.983719246	0.734331993
EWF	Dark_2	1659.286848	2.302585	0.135945627	0.983978839	0.736802894
EWF	Dark_2	1657.832912	2.302585	0.118318625	0.984074649	0.73211681
EWF	Dark_2	1660.778579	2.302585	0.142074758	0.984014227	0.738473718
EWF	Dark_2	1657.908925	2.302585	0.122047365	0.98403112	0.731453261
EWF	Dark_2	1656.611231	2.302585	0.121539588	0.984069143	0.735859575
EWF	Dark_2	1661.02385	2.302585	0.130091645	0.984022966	0.732711686
EWF	Dark_2	1666.148965	2.302584	0.159417008	0.983593153	0.739474898
EWF	Dark_2	1656.907234	2.302584	0.123887572	0.984040037	0.732222112
EWF	Dark_2	1661.953418	2.302585	0.15165971	0.98390147	0.74285194
EWF	Dark_2	1677.56896	2.302577	0.246191747	0.983314847	0.815298152
EWF	Dark_2	1681.400823	2.302585	0.25963185	0.983418367	0.775140675
EWF	Dark_2	1683.289226	2.302585	0.304920379	0.983368754	0.779661065
EWF	Dark_2	1684.761043	2.302584	0.304925067	0.983068027	0.784325186
EWF	Dark_2	1675.479672	2.302585	0.228023934	0.9835044	0.763586422
EWF	Dark_2	1674.249496	2.30257	0.222832708	0.983387446	0.76498958
EWF	Dark_2	1671.998853	2.302585	0.219153488	0.983588333	0.763115097
EWF	Dark_2	1673.970412	2.301525	0.250947032	0.983438218	0.745889721
EWF	Dark_2	1673.740781	2.302585	0.196707709	0.983549486	0.763025186
FWF	Dark_1	1648.333993	2.302583	0.098137461	0.980033947	0.732324286
FWF	Dark_1	1648.422837	2.302574	0.105849774	0.97913128	0.695740868
FWF	Dark_1	1648.667427	2.302133	0.09063519	0.975628893	0.731847925
FWF	Dark_1	1649.480316	2.299341	0.119382464	0.979820063	0.693492979
FWF	Dark_1	1649.000136	2.302585	0.097683604	0.980271513	0.750363616
FWF	Dark_1	1650.697409	2.28642	0.113023956	0.979723529	0.687101353
FWF	Dark_1	1651.235591	2.302537	0.111791212	0.979769031	0.771223725
FWF	Dark_1	1648.754701	2.302585	0.090742436	0.980131683	0.770868582
FWF	Dark_1	1649.578808	2.297035	0.101566409	0.973140628	0.70292345
FWF	Dark_1	1648.860658	2.302584	0.093592896	0.980012178	0.759417639
FWF	Dark_1	1649.379351	2.302584	0.092709781	0.979518078	0.771620021
FWF	Dark_1	1647.007061	2.302583	0.109679322	0.978864276	0.793602462
FWF	Dark_1	1647.851288	2.302582	0.118882898	0.97975365	0.788255679
FWF	Dark_1	1646.502705	2.302289	0.153379446	0.978732714	0.737020272
FWF	Dark_1	1647.724081	2.290571	0.142741536	0.978696809	0.805109235
FWF	Dark_1	1650.318882	2.302582	0.149351116	0.979469461	0.802158993
FWF	Dark_1	1648.483998	2.302584	0.14505656	0.979248797	0.802037829
FWF	Dark_1	1652.729966	2.302544	0.160416087	0.978427027	0.790561517
FWF	Dark_1	1649.488185	2.302456	0.197070502	0.978702969	0.745485922
FWF	Dark_1	1646.893796	2.302555	0.131691075	0.979512106	0.797928865
FWF	Dark_1	1647.912659	2.302457	0.105823517	0.976401429	0.792631771
FWF	Dark_1	1652.979992	2.298532	0.166272813	0.974066066	0.783765144
FWF	Dark_1	1650.427257	2.302584	0.151965117	0.979072511	0.805151696
FWF	Dark_1	1642.68002	2.302574	0.139412312	0.977414387	0.808012907
FWF	Dark_1	1648.293714	2.302584	0.103773321	0.978695513	0.803376319
FWF	Dark_1	1644.526101	2.302584	0.202097349	0.97766162	0.838052716
FWF	Dark_1	1646.82177	2.302583	0.15090398	0.978149934	0.825431079
FWF	Dark_1	1644.250014	2.302571	0.136147452	0.977808136	0.764506334
FWF	Dark_1	1641.691973	2.302584	0.165077758	0.977203929	0.844626351
FWF	Dark_1	1645.227582	2.301877	0.153610187	0.977214134	0.793993802
FWF	Dark_1	1644.230974	2.30251	0.132424464	0.977369422	0.834988793
FWF	Dark_1	1645.369586	2.302528	0.130771394	0.975889921	0.859335823
FWF	Dark_1	1646.09205	2.302583	0.132430185	0.977117596	0.858358075
FWF	Dark_1	1642.65728	2.302585	0.132579564	0.977416039	0.857236743
FWF	Dark_1	1642.990857	2.302584	0.13076906	0.977260575	0.853734154
FWF	Dark_1	1644.57911	2.302585	0.129102554	0.977334498	0.858985883
FWF	Dark_1	1644.388379	2.302584	0.120853543	0.976434524	0.870919465
FWF	Dark_1	1643.248547	2.302585	0.118630417	0.9770635	0.862904285
FWF	Dark_1	1644.186813	2.302583	0.139623301	0.975547098	0.881015408
FWF	Dark_1	1643.898624	2.302582	0.124967683	0.976297068	0.869206992
FWF	Dark_1	1644.999509	2.232199	0.202753124	0.975800067	0.810906267
FWF	Dark_1	1641.113502	2.302579	0.121268957	0.976436384	0.857621245
FWF	Dark_1	1643.541245	2.302584	0.110013351	0.976097101	0.852025778
FWF	Dark_1	1643.228008	2.302584	0.12123711	0.975025763	0.867612631
FWF	Dark_1	1642.404306	2.302584	0.120428663	0.975329585	0.860652118
FWF	Dark_1	1644.186285	2.302579	0.132313742	0.974645864	0.871494337
FWF	Dark_1	1645.872745	2.299647	0.133565429	0.971450835	0.814472393
FWF	Dark_1	1644.121462	2.302584	0.118742019	0.976932949	0.846754902
FWF	Dark_1	1641.620381	2.302583	0.111938343	0.976054695	0.861162767
FWF	Dark_1	1646.191585	2.302577	0.313556109	0.973977484	0.881052772
FWF	Dark_1	1643.652671	2.302583	0.179709492	0.972560244	0.893148734
FWF	Dark_1	1642.196749	2.302582	0.147985413	0.97251805	0.889710576
FWF	Dark_1	1642.391242	2.302583	0.146273296	0.973288252	0.885491581
FWF	Dark_1	1642.114687	2.302582	0.128378433	0.972473606	0.887063765
FWF	Dark_1	1643.251157	2.302564	0.11629171	0.974989668	0.872338395
FWF	Dark_1	1646.054961	2.29934	0.16463463	0.972691603	0.831913549
FWF	Dark_1	1643.280804	2.302578	0.232002367	0.975082001	0.882677275
FWF	Dark_1	1642.878419	2.302556	0.118167544	0.973540388	0.880749151
FWF	Dark_1	1645.818794	2.302582	0.148928037	0.975314309	0.869280793
FWF	Dark_1	1645.474415	2.302584	0.15726887	0.976113699	0.866336002
FWF	Light_1	1647.598208	2.301098	0.130896839	0.975055446	0.812964833
FWF	Light_1	1645.35492	1.816798	0.111243806	0.977340622	0.814221079
FWF	Light_1	1645.479723	2.302584	0.110867878	0.978407821	0.818666541
FWF	Light_1	1644.26972	2.302585	0.114606119	0.979694334	0.800152057
FWF	Light_1	1645.030891	2.302585	0.102622442	0.97916659	0.821652546
FWF	Light_1	1643.847068	2.302436	0.132380536	0.979305196	0.781299129
FWF	Light_1	1645.268242	2.302585	0.092631235	0.979277939	0.8091284
FWF	Light_1	1646.070547	2.300572	0.093840755	0.978624297	0.797640776
FWF	Light_1	1645.283417	2.299089	0.149590702	0.977867272	0.791666321
FWF	Light_1	1647.294415	2.299909	0.104083207	0.977181702	0.782247354
FWF	Light_1	1646.913899	2.30257	0.127639037	0.978610903	0.814445509
FWF	Light_1	1646.195047	2.302557	0.119678796	0.978714318	0.827832391
FWF	Light_1	1647.148297	2.077949	0.091359403	0.976012537	0.774294292
FWF	Light_1	1647.486884	2.302584	0.103755317	0.979854743	0.76710542
FWF	Light_1	1645.753959	2.302585	0.101171851	0.979761326	0.771586827
FWF	Light_1	1649.174274	2.302585	0.102341387	0.980061304	0.75047812
FWF	Light_1	1652.723091	2.300879	0.095494899	0.979453771	0.727276513
FWF	Light_1	1652.385268	2.302492	0.119911896	0.978697324	0.760407038
FWF	Light_1	1652.882831	2.302583	0.131616824	0.977972831	0.76744541
FWF	Light_1	1667.507998	2.287834	1.121977109	0.971795547	0.937071711
FWF	Light_1	1653.673574	2.30043	0.149247364	0.977278638	0.60920439
FWF	Light_1	1653.334933	0.802198	0.323248113	0.962903557	0.336484278
FWF	Light_1	1646.637673	2.302579	0.096149849	0.97855427	0.766513712
FWF	Light_1	1646.237915	2.302582	0.100650654	0.979495149	0.777117961
FWF	Light_1	1649.793986	2.302585	0.090327134	0.979448199	0.756639384
FWF	Light_1	1649.182796	2.302564	0.099032666	0.979858221	0.747050656
FWF	Light_1	1645.026516	2.302585	0.105922355	0.979692525	0.779398256
FWF	Light_1	1648.560068	2.302585	0.101982165	0.979879297	0.766645531
FWF	Light_1	1648.723392	2.302585	0.099174477	0.980204152	0.745637077
FWF	Light_1	1649.83792	2.302585	0.101749767	0.980039599	0.747819541
FWF	Light_1	1649.463535	2.302585	0.130326507	0.980167614	0.745674098
FWF	Light_1	1647.858376	2.302584	0.091835237	0.97980546	0.740507766
FWF	Light_1	1650.427866	2.302585	0.124802454	0.980137248	0.742042627
FWF	Light_1	1648.423524	2.302585	0.096119616	0.980271926	0.732100076
FWF	Light_1	1650.746216	2.302558	0.093225222	0.979230237	0.730186127
FWF	Light_1	1651.785995	2.302585	0.092357997	0.980173945	0.726154823
FWF	Light_1	1651.217716	2.302585	0.096766761	0.980274937	0.727542588
FWF	Light_1	1647.821337	2.302508	0.121342871	0.980253168	0.749609027
FWF	Light_1	1649.107559	2.302533	0.106219722	0.977693153	0.750708967
FWF	Light_1	1649.65148	2.302585	0.093923167	0.980192058	0.750372196
FWF	Light_1	1649.589308	2.302585	0.112885308	0.980189847	0.736109384
FWF	Light_1	1644.888854	2.302584	0.104147282	0.979824956	0.751941979
FWF	Light_1	1649.762246	2.249436	0.105819165	0.97604559	0.747741752
FWF	Light_1	1649.074846	2.302585	0.100016577	0.979931428	0.734966226
FWF	Light_1	1649.644727	2.301266	0.097330456	0.972285154	0.73156903
FWF	Light_1	1647.418049	2.302585	0.096430268	0.980185173	0.757375891
FWF	Light_1	1649.647363	2.302585	0.116463054	0.980294592	0.745931374
FWF	Light_1	1648.913901	2.302585	0.103842247	0.980345368	0.751931328
FWF	Light_1	1649.393485	2.302579	0.092974122	0.980254276	0.74615055
FWF	Light_1	1651.194226	2.30256	0.096116572	0.979835976	0.752267849
FWF	Light_1	1653.794932	2.302555	0.151527036	0.97976887	0.774371337
FWF	Light_1	1654.565012	2.30258	0.098895637	0.980093148	0.730579927
FWF	Light_1	1648.041244	2.302585	0.11439757	0.980362909	0.744190247
FWF	Light_1	1649.617086	2.302585	0.105028474	0.980197376	0.736720789
FWF	Light_1	1649.14822	2.302504	0.105273532	0.9800384	0.740616256
FWF	Light_1	1652.436871	2.302583	0.12509595	0.979866108	0.74353934
FWF	Light_1	1647.837933	2.302582	0.113412588	0.980319773	0.737803218
FWF	Light_1	1648.631022	2.302585	0.110905305	0.980084355	0.751087785
FWF	Light_1	1649.903787	2.302465	0.132411009	0.979695227	0.757721028
FWF	Light_1	1649.502647	2.302584	0.123355527	0.979633895	0.768385394
FWF	Dark_2	1652.836343	2.301975	0.108078672	0.977882453	0.739483643
FWF	Dark_2	1650.440953	2.302584	0.107778369	0.980145598	0.743949335
FWF	Dark_2	1649.61356	2.302576	0.096750341	0.98017674	0.737511131
FWF	Dark_2	1650.022966	2.302584	0.103214419	0.980329741	0.740851228
FWF	Dark_2	1647.26273	2.302585	0.113770229	0.980012086	0.763196625
FWF	Dark_2	1648.458405	2.302532	0.100395276	0.979273929	0.770883739
FWF	Dark_2	1646.007753	2.302585	0.116281436	0.98001422	0.765406313
FWF	Dark_2	1649.028223	2.302585	0.109941869	0.980231951	0.75645522
FWF	Dark_2	1647.534661	2.302585	0.099430382	0.98030827	0.753420405
FWF	Dark_2	1677.234765	2.30258	0.127303174	0.971738479	0.758499971
FWF	Dark_2	1760.590863	2.302577	0.153959507	0.948597616	0.753658398
FWF	Dark_2	1825.985876	2.272912	0.139749682	0.934426371	0.802830862
FWF	Dark_2	1842.858058	2.271087	0.154593824	0.927039969	0.802788592
FWF	Dark_2	1859.676453	2.302553	0.147970464	0.915061328	0.834119766
FWF	Dark_2	1860.916074	2.302516	0.120365598	0.901420365	0.814655899
FWF	Dark_2	1834.679963	2.302517	0.105477922	0.902648923	0.789168902
FWF	Dark_2	1792.115747	2.302573	0.118817919	0.943113783	0.825547
FWF	Dark_2	1777.707487	2.302574	0.107176253	0.939131638	0.816624461
FWF	Dark_2	1696.416451	2.302546	0.134560912	0.958490795	0.822822678
FWF	Dark_2	1677.958851	2.302581	0.126706521	0.948542551	0.839899208
FWF	Dark_2	1695.892908	2.302579	0.108969377	0.936349934	0.808812962
FWF	Dark_2	1675.682528	2.300511	0.117847902	0.950530234	0.812558378
FWF	Dark_2	1647.444472	2.302585	0.127545491	0.968490638	0.819037368
FWF	Dark_2	1646.313459	2.302568	0.1474451	0.977648243	0.831024354
FWF	Dark_2	1645.98431	2.30252	0.146342326	0.976473544	0.846277381
FWF	Dark_2	1644.423056	2.302583	0.132249285	0.978626187	0.833129258
FWF	Dark_2	1645.493229	2.302585	0.15387497	0.978924356	0.82868105
FWF	Dark_2	1643.774234	2.302584	0.153799063	0.978271344	0.845760816
FWF	Dark_2	1644.182567	2.302585	0.151972853	0.978731612	0.828781402
FWF	Dark_2	1644.975144	2.302584	0.202867229	0.97889167	0.839889116
FWF	Dark_2	1645.096303	2.301324	0.170929511	0.976304605	0.85307979
FWF	Dark_2	1644.503295	2.302573	0.179793457	0.978230638	0.847593759
FWF	Dark_2	1645.037294	2.302585	0.173323033	0.978790303	0.837199266
FWF	Dark_2	1646.562137	2.301633	0.196442159	0.978492448	0.815168246
FWF	Dark_2	1645.783703	2.302566	0.117780566	0.978822121	0.826860973
FWF	Dark_2	1646.045564	2.302585	0.140582224	0.979145571	0.815434645
FWF	Dark_2	1646.119547	2.217081	0.123334193	0.977538318	0.825647397
FWF	Dark_2	1645.463801	2.302585	0.139909612	0.978432815	0.839004195
FWF	Dark_2	1645.364358	2.302585	0.163651224	0.978281587	0.842694193
FWF	Dark_2	1645.850724	2.302585	0.124150213	0.978617816	0.818887271
FWF	Dark_2	1646.18455	2.302584	0.140702794	0.978928936	0.825094143
FWF	Dark_2	1646.87967	2.302579	0.172895387	0.979047723	0.830866458
FWF	Dark_2	1641.289721	2.302585	0.124738413	0.977870437	0.854086539
FWF	Dark_2	1644.522093	2.302584	0.122833672	0.977845322	0.853037584
FWF	Dark_2	1648.518848	2.302454	0.186965445	0.97775583	0.83640377
FWF	Dark_2	1645.042373	2.302582	0.12335057	0.978668631	0.830768332
FWF	Dark_2	1642.290008	2.302584	0.15278058	0.977752172	0.852501708
FWF	Dark_2	1643.672156	2.302556	0.13371251	0.976432453	0.866463025
FWF	Dark_2	1642.494042	2.302575	0.131636117	0.976419389	0.877361315
FWF	Dark_2	1645.335199	2.302486	0.12651889	0.976294555	0.861312582
FWF	Dark_2	1644.393698	2.302525	0.120496971	0.97788461	0.840809229
FWF	Dark_2	1646.478514	2.302585	0.136415166	0.978608919	0.836650582
FWF	Dark_2	1645.545983	2.302585	0.177671026	0.978729383	0.838203218
FWF	Dark_2	1644.067728	2.302584	0.140653841	0.978327641	0.843071968
FWF	Dark_2	1645.364169	2.302585	0.121096928	0.978313146	0.843577579
FWF	Dark_2	1651.530263	2.302584	0.124263226	0.977393143	0.839231505
FWF	Dark_2	1719.005008	2.302583	0.131341685	0.967027654	0.867209808
FWF	Dark_2	1802.656659	2.302572	0.127700183	0.951110118	0.873989682
FWF	Dark_2	1836.008752	2.302478	0.154118433	0.907954161	0.872392083
FWF	Dark_2	1834.161988	2.300616	0.192282192	0.900961411	0.881561055
OSP	Dark_1	1656.72084	2.302547	0.178799438	0.979913298	0.723314875
OSP	Dark_1	1657.574527	2.301724	0.242511463	0.979934447	0.759403759
OSP	Dark_1	1666.88719	2.302583	0.296060273	0.980145674	0.764383126
OSP	Dark_1	1659.562805	2.302584	0.273472262	0.980437249	0.796438604
OSP	Dark_1	1654.414411	2.30234	0.19228005	0.980162176	0.699722115
OSP	Dark_1	1651.541818	2.302583	0.102449928	0.980352043	0.689805637
OSP	Dark_1	1657.0189	2.302583	0.204204668	0.980547732	0.739390001
OSP	Dark_1	1655.467331	2.302394	0.246288644	0.979793493	0.738383637
OSP	Dark_1	1661.529998	2.302483	0.397141549	0.978670718	0.876990898
OSP	Dark_1	1661.071253	2.302557	0.430464338	0.978898826	0.867076984
OSP	Dark_1	1660.57374	2.277834	0.424873221	0.978191015	0.860765216
OSP	Dark_1	1658.341533	2.302583	0.258481091	0.980272724	0.768299363
OSP	Dark_1	1654.802584	2.302585	0.255218638	0.98065189	0.766538919
OSP	Dark_1	1656.281628	2.240854	0.241582064	0.97977586	0.750847872
OSP	Dark_1	1657.389898	2.288323	0.256049987	0.979705014	0.724973068
OSP	Dark_1	1659.07318	2.302203	0.293953609	0.979712269	0.794614549
OSP	Dark_1	1653.74078	2.302569	0.224375964	0.980487412	0.763493056
OSP	Dark_1	1658.27257	2.302541	0.26326548	0.980116688	0.795195402
OSP	Dark_1	1654.544592	2.221393	0.18043573	0.980048224	0.691459978
OSP	Dark_1	1659.374376	2.302561	0.187237996	0.979966107	0.772595741
OSP	Dark_1	1649.500282	2.302577	0.102744528	0.980791588	0.697197564
OSP	Dark_1	1652.232556	2.302584	0.09300153	0.980810072	0.696210429
OSP	Dark_1	1650.097553	2.302526	0.093947774	0.980647135	0.690643866
OSP	Dark_1	1651.083687	2.302585	0.09247474	0.980874484	0.697339549
OSP	Dark_1	1651.790062	2.302584	0.104502491	0.980915511	0.698469783
OSP	Dark_1	1653.004828	2.252801	0.12015883	0.979987823	0.666397962
OSP	Dark_1	1652.79024	2.302584	0.099790438	0.980797815	0.69725574
OSP	Dark_1	1650.069883	2.302585	0.098392115	0.980922034	0.697428085
OSP	Dark_1	1649.953157	2.302584	0.090263339	0.980928029	0.696808586
OSP	Dark_1	1650.401032	2.302585	0.106841821	0.980842752	0.698319165
OSP	Dark_1	1653.23697	2.298723	0.144383482	0.980327536	0.521664818
OSP	Dark_1	1653.477281	2.301333	0.111024978	0.980536238	0.692800819
OSP	Dark_1	1656.848916	2.302583	0.239344795	0.980667716	0.7682006
OSP	Dark_1	1675.092316	2.30072	0.651107873	0.971280137	0.95804611
OSP	Dark_1	1669.937812	2.301633	0.589864358	0.975132739	0.928419636
OSP	Dark_1	1659.391938	2.302544	0.271266286	0.980444982	0.768057543
OSP	Dark_1	1654.9758	2.302583	0.156336094	0.980613428	0.711089094
OSP	Dark_1	1652.408604	2.302584	0.141766384	0.980691995	0.707118033
OSP	Dark_1	1653.412873	2.302585	0.115074201	0.980855936	0.702167087
OSP	Dark_1	1651.021806	2.302585	0.09478775	0.980803231	0.69626167
OSP	Dark_1	1651.707968	2.302585	0.099011328	0.980928392	0.695212014
OSP	Dark_1	1651.441296	2.302585	0.09802969	0.980985796	0.697157988
OSP	Dark_1	1651.419579	2.302585	0.10021903	0.980988976	0.697916322
OSP	Dark_1	1675.191296	2.252043	1.216538187	0.947117874	0.992673059
OSP	Dark_1	1653.161826	2.302579	0.172565714	0.980734408	0.725214149
OSP	Dark_1	1652.149091	2.262886	0.118538362	0.98033038	0.675674699
OSP	Dark_1	1651.304893	2.302584	0.098114026	0.980968593	0.697847238
OSP	Dark_1	1650.979195	2.302585	0.10268831	0.981037052	0.695986611
OSP	Dark_1	1652.947642	2.302585	0.101447556	0.980934709	0.696275686
OSP	Dark_1	1650.498085	2.302585	0.102634023	0.980958283	0.69716094
OSP	Dark_1	1649.927858	2.302585	0.092674864	0.980970732	0.69597237
OSP	Dark_1	1651.469097	2.302585	0.089364135	0.981051836	0.695713732
OSP	Dark_1	1651.207157	2.302584	0.08609749	0.981039495	0.698952311
OSP	Dark_1	1653.572102	2.30255	0.147055434	0.980213032	0.700605992
OSP	Dark_1	1653.293793	2.302585	0.181466889	0.981048219	0.73026365
OSP	Dark_1	1651.914817	2.302585	0.208122519	0.981032483	0.738326245
OSP	Dark_1	1653.918407	2.302579	0.174396169	0.980882003	0.726584526
OSP	Dark_1	1652.641421	2.302584	0.144646556	0.980869578	0.717122931
OSP	Dark_1	1651.43779	2.302585	0.16020977	0.981095273	0.721219831
OSP	Dark_1	1656.928515	2.302572	0.28891289	0.980088597	0.814719567
OSP	Light_1	1655.731253	2.302576	0.248401164	0.980510114	0.766351575
OSP	Light_1	1659.281303	2.255881	0.216163586	0.967831192	0.717929789
OSP	Light_1	1656.98736	2.301879	0.247519575	0.980054797	0.759206563
OSP	Light_1	1654.658423	2.302584	0.204824862	0.981055051	0.738887011
OSP	Light_1	1657.885058	2.040654	0.245336154	0.979808005	0.639852624
OSP	Light_1	1653.059032	2.302585	0.155658158	0.980908256	0.719948312
OSP	Light_1	1658.806684	2.302585	0.2721672	0.980698236	0.771605257
OSP	Light_1	1652.84256	2.301911	0.14049476	0.980727278	0.685674199
OSP	Light_1	1652.369679	2.302576	0.219194742	0.980751451	0.737463663
OSP	Light_1	1654.745977	2.302585	0.135974726	0.980979709	0.7163825
OSP	Light_1	1651.713806	2.302585	0.118437466	0.98098817	0.70355546
OSP	Light_1	1652.493635	2.302585	0.095203803	0.981017314	0.695328684
OSP	Light_1	1650.790821	2.302584	0.093835615	0.980951816	0.695773273
OSP	Light_1	1652.645981	2.302581	0.153140798	0.980640672	0.715563192
OSP	Light_1	1649.946135	2.302585	0.109096472	0.981006371	0.696033114
OSP	Light_1	1652.004853	2.301677	0.10051908	0.98070003	0.675801488
OSP	Light_1	1653.558223	2.302566	0.229279102	0.980458352	0.766427092
OSP	Light_1	1656.576401	2.302582	0.253561786	0.980706394	0.754319738
OSP	Light_1	1652.52709	2.302581	0.099579351	0.980955726	0.698740575
OSP	Light_1	1650.924205	2.302585	0.095943534	0.981034649	0.697689603
OSP	Light_1	1650.821091	2.302585	0.115549292	0.981048484	0.701918868
OSP	Light_1	1653.81283	2.302585	0.10379576	0.981038191	0.697936736
OSP	Light_1	1652.202155	2.302547	0.174458142	0.980602001	0.728732158
OSP	Light_1	1650.236791	2.302585	0.098601053	0.980984394	0.696880218
OSP	Light_1	1651.441583	2.302583	0.08832542	0.980798517	0.698857139
OSP	Light_1	1650.811449	2.302561	0.108411447	0.980902989	0.70640104
OSP	Light_1	1653.589674	1.644844	0.085749337	0.978516102	0.683134478
OSP	Light_1	1654.440327	2.302442	0.236628193	0.980571739	0.770043096
OSP	Light_1	1653.948058	2.302507	0.218876135	0.980513147	0.761166613
OSP	Light_1	1649.966082	2.302579	0.082601113	0.980932111	0.69680326
OSP	Light_1	1660.640902	2.294636	0.475140075	0.980360022	0.812397398
OSP	Light_1	1652.50399	2.302585	0.150441132	0.980974884	0.705670219
OSP	Light_1	1653.186294	2.302552	0.129364483	0.980991698	0.714668928
OSP	Light_1	1652.112599	2.302585	0.092919243	0.9810333	0.696790584
OSP	Light_1	1652.181295	2.302585	0.097048245	0.981086636	0.698467724
OSP	Light_1	1652.72396	2.302584	0.11104647	0.98096285	0.705997124
OSP	Light_1	1651.947869	2.302585	0.133987275	0.980951494	0.706838293
OSP	Light_1	1654.950909	2.302584	0.201529612	0.980808124	0.748637858
OSP	Light_1	1655.017109	2.302585	0.13572412	0.980866186	0.711900372
OSP	Light_1	1668.319775	1.240788	0.990911369	0.976054794	0.848382329
OSP	Light_1	1656.505522	2.302523	0.159342795	0.980780175	0.721550298
OSP	Light_1	1651.662371	2.302585	0.098067939	0.981058594	0.69915147
OSP	Light_1	1653.073782	2.302578	0.150133519	0.98100137	0.708910981
OSP	Light_1	1652.101345	2.302323	0.0968376	0.980934647	0.693628063
OSP	Light_1	1658.620585	2.302574	0.440485154	0.979519732	0.918835584
OSP	Light_1	1653.20328	2.302584	0.157136467	0.980973252	0.722041627
OSP	Light_1	1650.773897	2.302584	0.096994056	0.981072457	0.6995019
OSP	Light_1	1652.584843	2.302584	0.106658671	0.980809447	0.705135207
OSP	Light_1	1653.313198	2.30033	0.12164007	0.980837939	0.707716271
OSP	Light_1	1659.118585	2.302583	0.228923894	0.980813916	0.753295362
OSP	Light_1	1656.206033	2.302538	0.228600708	0.980572641	0.744092726
OSP	Light_1	1671.937745	2.302026	0.758467197	0.978156962	0.891386329
OSP	Light_1	1657.087064	2.294654	0.339177942	0.979042313	0.661095992
OSP	Light_1	1655.65859	2.302542	0.287351342	0.979920572	0.824919127
OSP	Light_1	1653.96357	2.302583	0.107089783	0.980669311	0.708292753
OSP	Light_1	1652.314415	2.302553	0.085543049	0.980915199	0.697039331
OSP	Light_1	1651.758371	2.302538	0.087689971	0.980802363	0.694118274
OSP	Light_1	1656.331731	2.302532	0.12898592	0.980503018	0.72048337
OSP	Light_1	1655.412137	2.302583	0.20269159	0.980689674	0.757343453
OSP	Light_1	1651.832961	2.302582	0.091649346	0.981027444	0.697714495
OSP	Dark_2	1693.875746	1.437825	0.783635579	0.969346105	0.769056808
OSP	Dark_2	1674.195574	1.28607	0.491533005	0.965735428	0.833618048
OSP	Dark_2	1663.20503	1.471546	0.322775994	0.958171667	0.097531993
OSP	Dark_2	1660.679522	2.283	0.357840004	0.979349823	0.794373278
OSP	Dark_2	1696.656202	2.301469	1.007218234	0.975383934	0.949582505
OSP	Dark_2	1715.995914	2.282921	1.043292341	0.975200283	0.948466974
OSP	Dark_2	1657.073625	2.302453	0.26397831	0.9805389	0.747209455
OSP	Dark_2	1689.532382	2.302543	0.712993805	0.977715849	0.92537326
OSP	Dark_2	1658.610273	2.302584	0.188631686	0.980760115	0.750117672
OSP	Dark_2	1674.256125	2.301737	0.47180597	0.977814003	0.844078291
OSP	Dark_2	1654.436672	2.302585	0.106593923	0.981025097	0.701158592
OSP	Dark_2	1652.233634	2.302585	0.088681517	0.981001979	0.697778429
OSP	Dark_2	1700.821409	2.301181	0.818497959	0.977054959	0.910695283
OSP	Dark_2	1664.786183	2.302581	0.47347741	0.980451697	0.814415541
OSP	Dark_2	1702.288818	2.28866	0.835699991	0.976048867	0.967042366
OSP	Dark_2	1696.168214	2.251006	1.05449747	0.976446065	0.919298536
OSP	Dark_2	1678.354193	2.302563	0.364818074	0.979148566	0.843549987
OSP	Dark_2	1652.369293	2.288992	0.093873475	0.980662187	0.698182576
OSP	Dark_2	1651.681761	2.30202	0.120820569	0.980694883	0.705626426
OSP	Dark_2	1670.552106	2.302539	0.702931778	0.979704915	0.889687559
OSP	Dark_2	1704.077435	2.284259	0.898962617	0.975430399	0.924921235
OSP	Dark_2	1655.06597	2.302561	0.338239046	0.980841173	0.755664965
OSP	Dark_2	1650.767438	2.302585	0.119390997	0.98098885	0.70796397
OSP	Dark_2	1649.967215	2.302584	0.114583006	0.979730259	0.704991963
OSP	Dark_2	1656.147819	2.302496	0.314743563	0.980068195	0.768301044
OSP	Dark_2	1665.43839	2.302542	0.496747002	0.979693298	0.844241243
OSP	Dark_2	1650.7203	2.302585	0.086627738	0.981001302	0.695939025
OSP	Dark_2	1651.3152	2.302585	0.098214569	0.981069875	0.697960763
OSP	Dark_2	1651.507009	2.30258	0.111508026	0.980983044	0.704866675
OSP	Dark_2	1650.316141	2.302585	0.09712068	0.981022264	0.699464669
OSP	Dark_2	1668.158942	2.302583	0.49894666	0.980142669	0.850855192
OSP	Dark_2	1650.208667	2.302585	0.086154299	0.98094843	0.697425833
OSP	Dark_2	1651.511572	2.302584	0.101875072	0.980998253	0.699475168
OSP	Dark_2	1653.740285	2.302585	0.271502302	0.980953301	0.738143836
OSP	Dark_2	1652.756638	2.302584	0.154686452	0.981072301	0.723446955
OSP	Dark_2	1654.382998	2.302583	0.195322178	0.980982267	0.743060709
OSP	Dark_2	1653.32381	2.302584	0.134916319	0.980980475	0.71615923
OSP	Dark_2	1654.893925	2.302579	0.202608282	0.980823826	0.758671553
OSP	Dark_2	1651.905163	2.302584	0.159573169	0.981061467	0.722824544
OSP	Dark_2	1653.987611	2.302584	0.155334641	0.981034783	0.725038652
OSP	Dark_2	1653.271589	2.302584	0.180604449	0.980992643	0.739104828
OSP	Dark_2	1656.011532	2.302556	0.273737135	0.980362558	0.813010319
OSP	Dark_2	1654.714492	2.302581	0.18288089	0.980982147	0.737465597
OSP	Dark_2	1658.295217	2.302577	0.292529611	0.980474017	0.802039298
OSP	Dark_2	1676.805132	2.302581	0.264357051	0.979495599	0.787511631
OSP	Dark_2	1650.784873	2.302585	0.086024716	0.981062598	0.699410712
OSP	Dark_2	1651.007698	2.302584	0.097234957	0.981086827	0.694748343
OSP	Dark_2	1650.888749	2.302585	0.08653227	0.981111331	0.697470106
OSP	Dark_2	1651.235657	2.302584	0.098155488	0.980990596	0.697051697
OSP	Dark_2	1657.685778	2.302577	0.622399185	0.980557428	0.816252472
OSP	Dark_2	1651.566187	2.302585	0.09100443	0.981130143	0.698907679
OSP	Dark_2	1652.482352	2.302585	0.11229035	0.981067893	0.703832549
OSP	Dark_2	1651.665924	2.302585	0.107852936	0.981085647	0.703202067
OSP	Dark_2	1651.583108	2.302584	0.084077205	0.981119399	0.696909616
OSP	Dark_2	1650.279013	2.302585	0.086096162	0.981130384	0.697311443
OSP	Dark_2	1651.177922	2.302585	0.13034541	0.981092801	0.708746953
OSP	Dark_2	1651.345679	2.302584	0.150172754	0.981157294	0.712203437
OSP	Dark_2	1651.565922	2.302526	0.09255562	0.980808677	0.694990397
OSP	Dark_2	1652.766779	2.302585	0.095069726	0.980863341	0.698359087
OSP	Dark_2	1666.933973	2.293649	0.399956657	0.978365995	0.799303039
UBBG	Dark_1	1651.742769	2.302575	0.087643544	0.981045711	0.693163318
UBBG	Dark_1	1649.813377	2.277947	0.088583332	0.98053045	0.687418607
UBBG	Dark_1	1650.4185	2.302584	0.093442185	0.981279763	0.69395627
UBBG	Dark_1	1649.55978	2.276938	0.097240118	0.980744761	0.689045725
UBBG	Dark_1	1650.223862	2.302585	0.093904762	0.981334704	0.694564551
UBBG	Dark_1	1650.9097	2.302114	0.097622128	0.980455461	0.687741261
UBBG	Dark_1	1649.862291	2.302585	0.103884107	0.981238737	0.69440105
UBBG	Dark_1	1652.367726	2.299485	0.091128458	0.980949332	0.689738018
UBBG	Dark_1	1650.388779	2.302584	0.089095739	0.981270967	0.692364174
UBBG	Dark_1	1650.558819	2.30258	0.102770875	0.980921352	0.688801677
UBBG	Dark_1	1651.848147	2.302585	0.085500467	0.981400536	0.693985161
UBBG	Dark_1	1652.404109	2.302581	0.102477311	0.980215325	0.689750405
UBBG	Dark_1	1650.09199	2.302578	0.087829605	0.980738982	0.693949711
UBBG	Dark_1	1650.58514	2.302317	0.098278897	0.980362135	0.689664938
UBBG	Dark_1	1649.685747	2.302585	0.089258067	0.981371429	0.69813166
UBBG	Dark_1	1652.34418	2.291744	0.091706208	0.980912751	0.690459868
UBBG	Dark_1	1651.67207	2.302584	0.086852144	0.98135405	0.695502943
UBBG	Dark_1	1649.840735	2.302583	0.092853672	0.980851514	0.688581075
UBBG	Dark_1	1651.800809	2.302563	0.107195097	0.980643738	0.694911028
UBBG	Dark_1	1651.865488	2.302552	0.087708924	0.981064766	0.689146167
UBBG	Dark_1	1652.551239	2.302585	0.095999585	0.981325791	0.692848601
UBBG	Dark_1	1651.036701	2.300561	0.089834253	0.980955834	0.689618067
UBBG	Dark_1	1651.844479	2.302585	0.090601825	0.981129768	0.694451002
UBBG	Dark_1	1649.017014	2.302585	0.0907443	0.981242929	0.694794904
UBBG	Dark_1	1651.855887	2.301967	0.089051806	0.980962708	0.690083826
UBBG	Dark_1	1650.849734	2.302585	0.093391043	0.981304447	0.692979391
UBBG	Dark_1	1652.158687	2.291206	0.089013707	0.98095763	0.69056405
UBBG	Dark_1	1651.419173	2.302584	0.080676876	0.981366592	0.694601381
UBBG	Dark_1	1653.450111	2.302577	0.081468866	0.981249583	0.69377498
UBBG	Dark_1	1652.153263	2.302569	0.096121824	0.980900552	0.689645385
UBBG	Dark_1	1652.94883	2.302585	0.085007676	0.981468834	0.692999422
UBBG	Dark_1	1652.514907	2.302585	0.087247982	0.981441794	0.69228125
UBBG	Dark_1	1651.950614	2.292196	0.113185526	0.980576819	0.689663219
UBBG	Dark_1	1652.664928	2.302581	0.103875806	0.981144847	0.694122028
UBBG	Dark_1	1652.348108	2.302577	0.092789377	0.981021537	0.69081296
UBBG	Dark_1	1653.461656	2.302585	0.095270081	0.981337881	0.695419615
UBBG	Dark_1	1651.973307	2.302585	0.095930979	0.98134751	0.695864737
UBBG	Dark_1	1653.115961	2.299816	0.101490581	0.981058053	0.690505311
UBBG	Dark_1	1652.83354	2.302585	0.091179541	0.981362554	0.693702385
UBBG	Dark_1	1652.100305	2.302507	0.092792701	0.98107258	0.68803027
UBBG	Dark_1	1652.336887	2.302585	0.090884964	0.981407906	0.691766376
UBBG	Dark_1	1651.273141	2.302585	0.090009143	0.981466029	0.693224184
UBBG	Dark_1	1651.870131	2.302368	0.091677482	0.980926298	0.691878804
UBBG	Dark_1	1651.676458	2.302579	0.087631978	0.98110788	0.693250934
UBBG	Dark_1	1651.506009	2.302585	0.085150365	0.981301244	0.694228805
UBBG	Dark_1	1653.455586	2.302584	0.089084078	0.981457596	0.694679264
UBBG	Dark_1	1652.330572	2.302585	0.09148298	0.98143824	0.692373067
UBBG	Dark_1	1653.163973	2.294157	0.096624437	0.981021254	0.694049341
UBBG	Dark_1	1650.922144	2.302585	0.089980262	0.981408949	0.692437643
UBBG	Dark_1	1650.54513	2.302585	0.08501914	0.981354449	0.694761652
UBBG	Dark_1	1650.538197	2.301978	0.092200429	0.980986619	0.690724132
UBBG	Dark_1	1650.024768	2.302585	0.08774462	0.981482655	0.693396392
UBBG	Dark_1	1650.650342	2.302585	0.089555524	0.981371711	0.692735031
UBBG	Dark_1	1650.926272	2.302568	0.09947315	0.981081653	0.69483862
UBBG	Dark_1	1656.588653	2.302572	0.080670197	0.980300132	0.69406408
UBBG	Dark_1	1653.683544	2.302584	0.092270462	0.981281028	0.694079175
UBBG	Dark_1	1653.062828	2.302585	0.085945501	0.98133237	0.692462681
UBBG	Dark_1	1654.611474	2.294279	0.085546241	0.980899959	0.693217662
UBBG	Dark_1	1652.304752	2.302584	0.081858057	0.981328189	0.696475898
UBBG	Dark_1	1652.968128	2.301574	0.087955955	0.9811649	0.691095407
UBBG	Light_1	1651.448141	2.290142	0.094013589	0.98041839	0.692275061
UBBG	Light_1	1650.499689	2.299272	0.080936482	0.980542189	0.69344526
UBBG	Light_1	1651.685915	2.302584	0.094987868	0.981494466	0.693145999
UBBG	Light_1	1651.458025	2.302583	0.090451391	0.981367938	0.694871515
UBBG	Light_1	1650.664718	2.302447	0.094926851	0.980807216	0.694230829
UBBG	Light_1	1650.105513	2.302572	0.096797926	0.980618462	0.694050302
UBBG	Light_1	1650.874985	2.302585	0.097915885	0.981540985	0.695915976
UBBG	Light_1	1650.410241	2.302549	0.090435274	0.981123776	0.69377692
UBBG	Light_1	1651.331974	2.302584	0.093188347	0.981333368	0.691683727
UBBG	Light_1	1650.588337	2.302584	0.091800806	0.981084072	0.692576669
UBBG	Light_1	1649.532112	2.302585	0.082865087	0.981395276	0.694207711
UBBG	Light_1	1650.740732	2.302582	0.09323643	0.981310872	0.693314999
UBBG	Light_1	1649.047612	2.302585	0.089400713	0.981429517	0.696996971
UBBG	Light_1	1650.318348	2.302585	0.089307155	0.981488443	0.695883799
UBBG	Light_1	1649.554142	2.302585	0.096171658	0.98141106	0.691624052
UBBG	Light_1	1650.9304	2.302551	0.08736686	0.981113581	0.691679066
UBBG	Light_1	1650.827443	2.302585	0.091688562	0.981380475	0.694064549
UBBG	Light_1	1648.946555	2.302585	0.090954434	0.981550115	0.693269046
UBBG	Light_1	1649.827139	2.302585	0.092429915	0.981591174	0.695460264
UBBG	Light_1	1649.824008	2.302585	0.083016898	0.981415933	0.695127499
UBBG	Light_1	1652.405531	2.302585	0.086069039	0.981520227	0.694330764
UBBG	Light_1	1652.084466	2.300082	0.107654434	0.981134274	0.690545634
UBBG	Light_1	1651.542259	2.302538	0.086288154	0.980792404	0.69442118
UBBG	Light_1	1651.794844	2.302585	0.081637658	0.981450746	0.691134032
UBBG	Light_1	1649.11775	2.302585	0.080948426	0.981430481	0.691946096
UBBG	Light_1	1649.371507	2.30258	0.089862246	0.97877755	0.692831535
UBBG	Light_1	1649.544082	2.300813	0.088679106	0.978370194	0.688983609
UBBG	Light_1	1649.947061	2.302585	0.081141619	0.981438965	0.695336401
UBBG	Light_1	1650.168434	2.302585	0.088829883	0.981420232	0.6940357
UBBG	Light_1	1650.008811	2.302585	0.091310533	0.981460473	0.694182774
UBBG	Light_1	1649.964715	2.302585	0.105052031	0.981483695	0.694840216
UBBG	Light_1	1649.995208	2.302564	0.092327391	0.980563929	0.694742855
UBBG	Light_1	1649.515636	2.299383	0.088889583	0.981180177	0.693177684
UBBG	Light_1	1650.504464	2.302585	0.087156139	0.981501782	0.694382887
UBBG	Light_1	1650.242536	2.302585	0.087920176	0.981451927	0.694161858
UBBG	Light_1	1651.119732	2.302583	0.088863712	0.98140433	0.695050482
UBBG	Light_1	1649.276642	2.302585	0.090881734	0.981405262	0.692719291
UBBG	Light_1	1651.048622	2.302564	0.097031217	0.981125242	0.693605318
UBBG	Light_1	1650.639512	2.302585	0.088807593	0.981485794	0.695196672
UBBG	Light_1	1650.333008	2.302585	0.084500401	0.981432299	0.693744231
UBBG	Light_1	1650.093355	2.302585	0.098974343	0.98147983	0.693159836
UBBG	Light_1	1650.805954	2.302585	0.09066086	0.981492289	0.693826073
UBBG	Light_1	1650.973704	2.302585	0.089657657	0.981524043	0.694731578
UBBG	Light_1	1650.811722	2.302585	0.092347838	0.981509866	0.693460681
UBBG	Light_1	1651.327915	2.302379	0.085156289	0.980934141	0.689792122
UBBG	Light_1	1651.1811	2.302585	0.089897627	0.981377972	0.691364559
UBBG	Light_1	1651.297575	2.302585	0.089551929	0.981549966	0.694313364
UBBG	Light_1	1648.17961	2.302585	0.090352612	0.981424768	0.691654978
UBBG	Light_1	1651.021921	2.302573	0.082715424	0.98134435	0.692188652
UBBG	Light_1	1650.058516	2.302585	0.091417812	0.981426467	0.692811336
UBBG	Light_1	1649.21794	2.302585	0.094634894	0.981505043	0.695017454
UBBG	Light_1	1649.687579	2.302585	0.090762048	0.981503634	0.692958148
UBBG	Light_1	1649.553105	2.302558	0.10228682	0.981150535	0.693563835
UBBG	Light_1	1649.936541	2.302585	0.086296868	0.981450829	0.69571815
UBBG	Light_1	1649.59185	2.302584	0.095414895	0.98142769	0.693738468
UBBG	Light_1	1650.548723	2.302584	0.087876442	0.981495034	0.695390637
UBBG	Light_1	1650.229837	2.302583	0.086308293	0.981472883	0.694120967
UBBG	Light_1	1651.454789	2.302585	0.095686178	0.981373969	0.694465312
UBBG	Light_1	1651.817469	2.302581	0.088708695	0.981414758	0.695615881
UBBG	Light_1	1650.81828	2.282525	0.088185116	0.980059685	0.693775497
UBBG	Dark_2	1672.082746	2.302498	0.508423204	0.979930665	0.803782168
UBBG	Dark_2	1651.417142	2.302582	0.088126616	0.981372804	0.695296747
UBBG	Dark_2	1651.036237	2.302582	0.090004673	0.981336743	0.695546025
UBBG	Dark_2	1649.020051	2.302316	0.09730965	0.980929622	0.693474489
UBBG	Dark_2	1650.096407	2.302585	0.08523181	0.981534697	0.696572301
UBBG	Dark_2	1650.425947	2.302585	0.090344564	0.981536286	0.697011183
UBBG	Dark_2	1651.263462	2.302584	0.094825834	0.981466979	0.693442277
UBBG	Dark_2	1650.311834	2.302583	0.087867415	0.981370559	0.693727348
UBBG	Dark_2	1650.368248	2.302585	0.103693303	0.981491332	0.694607898
UBBG	Dark_2	1650.640973	2.302584	0.08555064	0.981518643	0.694373049
UBBG	Dark_2	1650.525981	2.298832	0.086107202	0.981071897	0.691364618
UBBG	Dark_2	1649.34061	2.302585	0.083341363	0.981550337	0.694809443
UBBG	Dark_2	1651.044489	2.302585	0.092547561	0.981476374	0.694391548
UBBG	Dark_2	1649.023893	2.302585	0.091945488	0.981469835	0.694829538
UBBG	Dark_2	1651.580649	2.302585	0.095416006	0.981385007	0.695811994
UBBG	Dark_2	1649.635592	2.302585	0.089377378	0.981589932	0.692330919
UBBG	Dark_2	1649.985053	2.302585	0.086571503	0.981441103	0.694491039
UBBG	Dark_2	1651.246799	2.302585	0.083173435	0.981448162	0.693227813
UBBG	Dark_2	1648.048917	2.302585	0.09522694	0.981457467	0.693820616
UBBG	Dark_2	1651.431208	2.302585	0.094156219	0.981601207	0.691938318
UBBG	Dark_2	1650.578734	2.302584	0.08356051	0.981488139	0.694229347
UBBG	Dark_2	1651.620796	2.296373	0.086367964	0.981216337	0.691964545
UBBG	Dark_2	1650.655525	2.302585	0.091538917	0.98141036	0.693750718
UBBG	Dark_2	1651.308527	2.302583	0.096022996	0.981278301	0.694989
UBBG	Dark_2	1651.869312	2.302585	0.091000325	0.981332142	0.694326375
UBBG	Dark_2	1649.378009	2.302585	0.087303719	0.98142101	0.694727101
UBBG	Dark_2	1650.816765	2.302585	0.090069715	0.981401037	0.694716084
UBBG	Dark_2	1651.072964	2.302585	0.086823623	0.981419348	0.694026005
UBBG	Dark_2	1651.135078	2.302584	0.090773957	0.981410636	0.694811659
UBBG	Dark_2	1650.815009	2.302585	0.09166988	0.981418017	0.693685757
UBBG	Dark_2	1650.965393	2.302585	0.08853215	0.981491109	0.693730698
UBBG	Dark_2	1650.408255	2.302584	0.100703903	0.981502795	0.694961721
UBBG	Dark_2	1651.771166	2.302585	0.095496664	0.981523537	0.694186906
UBBG	Dark_2	1651.14855	2.302585	0.089421068	0.981512274	0.695533325
UBBG	Dark_2	1649.58059	2.295721	0.089725349	0.981146933	0.693676836
UBBG	Dark_2	1649.290599	2.302585	0.091981948	0.981460281	0.695583511
UBBG	Dark_2	1650.326036	2.302585	0.085999659	0.981479496	0.694934273
UBBG	Dark_2	1650.139689	2.302585	0.086245419	0.981537299	0.696186816
UBBG	Dark_2	1649.903718	2.302585	0.100528432	0.98151329	0.695389165
UBBG	Dark_2	1650.069194	2.302585	0.095655385	0.981468263	0.693185645
UBBG	Dark_2	1650.461003	2.302585	0.093973478	0.98151433	0.696249033
UBBG	Dark_2	1652.205944	2.302585	0.084600073	0.981443147	0.696952617
UBBG	Dark_2	1652.472495	2.302585	0.084740295	0.981492851	0.69388742
UBBG	Dark_2	1650.395149	2.302585	0.091021053	0.981425952	0.695132899
UBBG	Dark_2	1649.939588	2.302585	0.089899806	0.981455691	0.695112327
UBBG	Dark_2	1651.327752	2.302585	0.085029003	0.981582951	0.692925681
UBBG	Dark_2	1651.557551	2.302585	0.089773556	0.981497206	0.695846345
UBBG	Dark_2	1650.992308	2.302585	0.085419429	0.9814905	0.695792413
UBBG	Dark_2	1649.887357	2.302585	0.096573265	0.981492985	0.69575287
UBBG	Dark_2	1649.591546	2.302584	0.088796454	0.981527138	0.6948893
UBBG	Dark_2	1650.907041	2.302585	0.08743274	0.981466555	0.693980321
UBBG	Dark_2	1650.08384	2.302585	0.089035369	0.981426609	0.695098922
UBBG	Dark_2	1649.446835	2.302584	0.089211088	0.981367828	0.694618385
UBBG	Dark_2	1649.730018	2.302585	0.092448988	0.981529824	0.693994922
UBBG	Dark_2	1651.537924	2.302585	0.092596063	0.98147009	0.694274714
UBBG	Dark_2	1650.5354	2.302584	0.092616202	0.981186287	0.689351262
UBBG	Dark_2	1650.933948	2.302585	0.090279667	0.981518128	0.69721739
UBBG	Dark_2	1650.686132	2.302584	0.085044724	0.981392379	0.694470439
UBBG	Dark_2	1650.046877	2.30136	0.092097236	0.981087773	0.694298728
UBBG	Dark_2	1651.498705	2.302585	0.084171763	0.981530933	0.695238962
